0      0.4004983281481507
5.973625736939393E-5      0.3651618128681274
1.2712106108911858E-4     0.4728433394963144
1.9076788978096516E-4     2.0177291276472236
2.5441471847281174E-4     7.442769325925168
3.145309253757447E-4      19.75225094353889
3.746471322786777E-4      38.03543141862398
4.3142856831682305E-4     56.37848931535633
4.882100043549684E-4      73.64854386447414
5.429144963147096E-4      88.49833947313469
5.976189882744508E-4      101.06432670877463
6.520308802336317E-4      110.93422112526689
7.064427721928126E-4      117.90376774513955
7.605853079952272E-4      121.78369325719524
8.147278437976419E-4      122.5074005370004
8.686023568418816E-4      120.0858424588126
9.224768698861212E-4      114.58132248193648
9.760846869700016E-4      106.19638619499693
0.001029692504053882      95.11669780104582
0.0010830349454071723     81.73709394642266
0.0011363773867604627     66.38663299039894
0.0011894557660773668     49.77911038614432
0.0012425341453942708     32.628316591412634
0.001295349769865771      17.118935197772956
0.001348165394337271      6.480998835761199
0.001400719564683364      2.102649093288856
0.0014532737350294567     0.6703540276048494
0.001505876849838402      0.267112783475045
0.0015584799646473477     0.1149383774539815
0.0016125965605876616     0.0701376966142152
0.0016667131565279763     0.047109561078922876
0.0017225785913583635     0.035684143579476184
0.0017784440261887507     0.029241970218455683
0.001836114815612216      0.025630429744851833
0.001893785605035681      0.02357251707309069
0.00195332009112396       0.022449995391847524
0.002012854577212239      0.021902326408500886
0.0020743129874269835     0.021707781735833723
0.002135771397641728      0.02172066049571136
0.0021992159057630067     0.0218506132995764
0.0022626604138842855     0.0220231705502228
0.0023281552029080547     0.022198304483085882
0.002393649991931824      0.02233477615695536
0.002461164824992938      0.02241493406776428
0.002528679658054052      0.022421447330788456
0.0025953901623866605     0.022356126673548336
0.002662100666719268      0.022227242211932844
0.0027267228328029577     0.022062039243514967
0.0027913449988866456     0.021886143893410225
0.002853944201083145      0.021752566418471533
0.002916543403279644      0.02171799780082012
0.002977182969439709      0.021878895313772476
0.0030378225355997737     0.022367892016035246
0.0030965638111281487     0.023389395504722316
0.003155305086656524      0.025290847725250705
0.0032122074965713877     0.02863914392633213
0.003269109906486251      0.03450896171682958
0.003324231015535998      0.04531683284328874
0.0033793521245857445     0.06567210662142896
0.0034327476954836788     0.11147055593703797
0.0034861432663816135     0.21243243951271368
0.0035385666419953817     0.5984183608209325
0.0035909900176091503     1.7977725620270288
0.003643654292830948      5.549116442116435
0.0036963185680527456     14.900512535690332
0.003749244845165632      30.01708651130344
0.003802171122278519      47.00414183879502
0.003855360704727582      63.87165692047182
0.0039085502871766455     79.4182953762307
0.0039620044848915435     93.1797241895595
0.004015458682606441      104.61613938589068
0.004069178812033667      113.46621772142335
0.0041228989414608935     119.42031779669027
0.004176886325596172      122.34437617171095
0.0042308737097314485     122.11519912546959
0.004285129678152351      118.72470436015224
0.004339385646573253      112.24489123339076
0.004393911535471919      102.80134084389508
0.004448437424370585      90.67103007092217
0.004503199019601686      76.15997841042878
0.004557960614832788      59.77988597899786
0.00461275459056105       42.291745560220065
0.004667548566289313      24.9332567133286
0.004722342542017575      10.928466133367502
0.004777136517745839      3.578602806845434
0.004831930493474102      1.1035004637759156
0.004886724469202365      0.49467084630889063
0.004941518444930624      0.3837730985372729
0.004996312420658884      0.40852749274359895
0.005      0.41317850893446006
