0                         2.452146043855732
7.750893483091104E-5      2.395719804351635
2.4251237697641564E-4     2.274433935233555
4.075158191219224E-4      2.1562735441159213
5.725192612674283E-4      2.041238630998736
7.219337803114081E-4      1.9485776542740127
8.713482993553895E-4      1.8853186965111373
0.0010207628183993706     1.851461757710109
0.0011559455070976267     1.875517373027966
0.0012911281957958842     2.0247737555038072
0.0014263108844941412     2.2992309051376325
0.0015487273545868045     2.788003090737872
0.0016711438246794687     3.9021960781795397
0.0017935602947721334     5.6418098674626656
0.0019052130202848192     8.59696956077901
0.002016865745797506      14.460812833230323
0.002128518471310192      23.233339684816567
0.0022380765897151165     37.6073668347761
0.0023476347081200426     62.8938998118994
0.0024571928265249674     99.09293861618576
0.0025667509449298948     152.05954456905198
0.0026763090633348217     212.7812778376071
0.002785867181739749      281.2581384218515
0.002895425300144678      339.3121665812039
0.0030049834185496066     377.9159790277779
0.0031145415369545353     397.06957576157373
0.0032240996553594614     393.76740528013676
0.003333657773764388      369.02243614855064
0.003443215892169314      322.8346683668155
0.00355277401057424       260.6169239514313
0.0036623321289791662     202.17614089504588
0.0037718902473840923     147.51231919765905
0.003881448365789019      113.00945026909454
0.003991006484193945      100.53739505660201
0.004100564602598872      110.09615356018136
0.004210122721003801      142.02310638238603
0.004319680839408731      190.33894109363322
0.00442923895781366       255.0436576939224
0.00453879707621859       316.3636358457398
0.004648355194623519      361.3735517409532
0.004757913313028449      390.0734053795633
0.004867471431433377      398.0547488535841
0.004977029549838305      383.96435641935096
0.0050865876682432325     347.80222807686437
0.005196145786648162      288.5505961724673
0.005305703905053092      225.1444611579602
0.005415262023458021      157.58382303334463
0.005524820141862948      105.28469314460652
0.0056343782602678765     66.65208692357406
0.005743936378672803      41.68600437024783
0.005853676772254027      25.781680850191513
0.005963417165835249      15.07577765314802
0.006073157559416471      9.568294779116902
0.0061879911894499465     6.283537113322033
0.006302824819483422      4.096302905386879
0.0064176584495169        3.006592155311424
0.006540140342997529      2.431160610896606
0.006662622236478156      2.0669790343604215
0.006785104129958784      1.9140474257028646
0.006916251551612617      1.8593920324687359
0.007047398973266449      1.8545756955426855
0.007178546394920281      1.8995984149247132
0.007322680396808419      1.9767977155821552
0.007466814398696556      2.0663900293938204
0.007610948400584694      2.168375356359709
0.0077701375375830994     2.285360046610916
0.007929326674581504      2.4009566078656226
0.008                     2.4518317160998917
