0                         4.779688746138822
1.3687395348306944E-4     5.12970713795564
3.0396574475331003E-4     5.680478431288691
4.710575360235528E-4      6.442554016598462
6.381493272937938E-4      7.41593389388493
7.895587358180906E-4      8.599719667745603
9.409681443423878E-4      10.262075298061179
0.001092377552866685      12.403000784831645
0.001232935454060364      15.099102723540916
0.001373493355254044      18.949284212463063
0.001514051256447723      23.953545251598094
0.0016461587448319132     30.349620547139722
0.0017782662332161032     39.35860436510243
0.0019103737216002933     50.98049670548616
0.0020367627255116817     65.45760570892122
0.00216315172942307       84.01483883585662
0.0022895407333344588     106.65219608629226
0.0024157033936732563     133.41852590835958
0.0025418660540120546     162.18373174111682
0.0026680287143508526     192.9478135845637
0.002794191374689648      222.14972235152828
0.0029203540350284433     245.2493769093946
0.003046516695367239      262.246777258162
0.003172679355706034      269.9744935569969
0.00329884201604483       269.2158526175907
0.0034250046763836255     259.9708544399437
0.003551167336722423      245.50335350633586
0.0036773299970612205     231.60613194176517
0.003803492657400019      218.27918974623165
0.0039296553177388185     210.7556294454199
0.004055817978077617      210.37656408213226
0.004181980638416415      217.14199365636864
0.004308143298755212      229.97498736848956
0.004434305959094009      243.74269603734803
0.004560468619432806      258.44511966294385
0.0046866312797716045     268.4105267975513
0.004812793940110403      270.13335919926493
0.004938956600449203      263.6136168680848
0.005065119260788002      247.66245541377702
0.0051912819211268        225.32022242773868
0.0053174445814656        196.58691790996923
0.005443607241804399      165.78382079565392
0.0055697699021431965     136.78321025996323
0.005695932562481996      109.58508630289658
0.005822261204645266      86.4359467985508
0.005948589846808534      67.3956236325598
0.006074918488971803      52.46411680492325
0.0062069431502479455     40.51992112025957
0.006338967811524086      31.24202774742612
0.006470992472800229      24.630436686422367
0.00661181106648716       19.427028538534653
0.006752629660174091      15.435126325766136
0.006893448253861023      12.654730048116852
0.007045264770414128      10.440868539730586
0.007197081286967233      8.72698750952541
0.007348897803520337      7.513086957501315
0.007516411903206345      6.512910591745846
0.007683926002892349      5.731351286574178
0.007851440102578353      5.168409041986291
0.008                     4.783390530388007
